3900	
0	0
0.02	0
0.04	0
0.06	0
0.08	0
0.1	0
0.12	0
0.14	0
0.16	0
0.18	0
0.2	0
0.22	0
0.24	0
0.26	0
0.28	0
0.3	0
0.32	0
0.34	0
0.36	0
0.38	0
0.4	0
0.42	0
0.44	0
0.46	0
0.48	0
0.5	0
0.52	0
0.54	0
0.56	0
0.58	0
0.6	0
0.62	0
0.64	0
0.66	0
0.68	0
0.7	0
0.72	0
0.74	0
0.76	0
0.78	0
0.8	0
0.82	0
0.84	0
0.86	0
0.88	0
0.9	0.00000981
0.92	0
0.94	0.00000981
0.96	-0.00000981
0.98	-0.00000981
1	-0.00000981
1.02	-0.00000981
1.04	-0.00000981
1.06	-0.00000981
1.08	-0.00000981
1.1	-0.00000981
1.12	-0.00000981
1.14	-0.00000981
1.16	-0.00000981
1.18	-0.00000981
1.2	-0.00000981
1.22	-0.00000981
1.24	0.00000981
1.26	0.00000981
1.28	0.00001962
1.3	-0.00000981
1.32	0.00001962
1.34	-0.00000981
1.36	-0.00000981
1.38	-0.00000981
1.4	-0.00000981
1.42	-0.00000981
1.44	-0.00000981
1.46	-0.00000981
1.48	-0.00000981
1.5	-0.00000981
1.52	-0.00000981
1.54	-0.00000981
1.56	-0.00000981
1.58	-0.00000981
1.6	-0.00000981
1.62	-0.00000981
1.64	-0.00000981
1.66	0.00002943
1.68	-0.00000981
1.7	0.00002943
1.72	-0.00000981
1.74	-0.00000981
1.76	-0.00000981
1.78	-0.00000981
1.8	-0.00000981
1.82	-0.00000981
1.84	-0.00000981
1.86	-0.00000981
1.88	-0.00000981
1.9	-0.00000981
1.92	-0.00000981
1.94	-0.00000981
1.96	-0.00000981
1.98	-0.00000981
2	-0.00000981
2.02	-0.00000981
2.04	-0.00000981
2.06	-0.00000981
2.08	-0.00000981
2.1	0.00004905
2.12	-0.00000981
2.14	0.00004905
2.16	-0.00000981
2.18	-0.00000981
2.2	-0.00000981
2.22	-0.00000981
2.24	-0.00000981
2.26	-0.00000981
2.28	-0.00000981
2.3	-0.00000981
2.32	-0.00000981
2.34	-0.00000981
2.36	-0.00000981
2.38	0.00005886
2.4	-0.00000981
2.42	0.00005886
2.44	-0.00001962
2.46	-0.00000981
2.48	-0.00001962
2.5	-0.00000981
2.52	-0.00001962
2.54	-0.00000981
2.56	-0.00000981
2.58	-0.00000981
2.6	-0.00000981
2.62	-0.00000981
2.64	-0.00000981
2.66	-0.00000981
2.68	-0.00000981
2.7	-0.00000981
2.72	-0.00000981
2.74	-0.00000981
2.76	-0.00000981
2.78	-0.00000981
2.8	0.00007848
2.82	0.00007848
2.84	0.00007848
2.86	-0.00001962
2.88	-0.00001962
2.9	-0.00001962
2.92	-0.00001962
2.94	-0.00001962
2.96	-0.00001962
2.98	-0.00001962
3	-0.00001962
3.02	-0.00001962
3.04	-0.00001962
3.06	-0.00001962
3.08	-0.00001962
3.1	-0.00001962
3.12	-0.00001962
3.14	-0.00001962
3.16	-0.00001962
3.18	-0.00001962
3.2	-0.00001962
3.22	-0.00001962
3.24	-0.00001962
3.26	-0.00001962
3.28	-0.00001962
3.3	-0.00001962
3.32	-0.00001962
3.34	-0.00001962
3.36	-0.00001962
3.38	-0.00001962
3.4	-0.00001962
3.42	-0.00001962
3.44	-0.00001962
3.46	-0.00001962
3.48	-0.00001962
3.5	-0.00000981
3.52	-0.00000981
3.54	-0.00000981
3.56	-0.00000981
3.58	-0.00000981
3.6	-0.00000981
3.62	-0.00000981
3.64	-0.00000981
3.66	-0.00000981
3.68	-0.00000981
3.7	-0.00000981
3.72	-0.00000981
3.74	-0.00000981
3.76	-0.00000981
3.78	-0.00000981
3.8	-0.00000981
3.82	-0.00000981
3.84	-0.00000981
3.86	-0.00000981
3.88	-0.00000981
3.9	-0.00000981
3.92	-0.00000981
3.94	-0.00000981
3.96	-0.00000981
3.98	-0.00000981
4	-0.00000981
4.02	-0.00000981
4.04	-0.00000981
4.06	-0.00000981
4.08	-0.00000981
4.1	-0.00000981
4.12	-0.00000981
4.14	0.00016677
4.16	0.00016677
4.18	0.00015696
4.2	0.00015696
4.22	0.00015696
4.24	0.00015696
4.26	0.00015696
4.28	0.00033354
4.3	0.00014715
4.32	0.00032373
4.34	0.00032373
4.36	0.00012753
4.38	0.00012753
4.4	0.00012753
4.42	0.00012753
4.44	0.00012753
4.46	0.00011772
4.48	0.00011772
4.5	-0.00007848
4.52	-0.00007848
4.54	-0.00007848
4.56	0.00012753
4.58	0.00011772
4.6	0.00011772
4.62	0.00011772
4.64	0.00011772
4.66	0.00011772
4.68	0.00010791
4.7	0.00010791
4.72	-0.0000981
4.74	-0.0000981
4.76	-0.0000981
4.78	-0.0000981
4.8	-0.0000981
4.82	0.00011772
4.84	0.00011772
4.86	0.00011772
4.88	0.00011772
4.9	0.00010791
4.92	0.00033354
4.94	0.00032373
4.96	0.00031392
4.98	0.00008829
5	0.00008829
5.02	0.00008829
5.04	-0.00013734
5.06	-0.00013734
5.08	-0.00013734
5.1	0.0000981
5.12	0.00008829
5.14	-0.00013734
5.16	-0.00013734
5.18	-0.00013734
5.2	-0.00013734
5.22	0.0000981
5.24	0.0000981
5.26	0.0000981
5.28	0.00033354
5.3	0.00056898
5.32	0.00055917
5.34	0.00054936
5.36	0.0002943
5.38	0.0002943
5.4	0.00003924
5.42	-0.00020601
5.44	-0.00020601
5.46	-0.00020601
5.48	-0.0001962
5.5	0.00004905
5.52	0.00030411
5.54	0.00054936
5.56	0.0007848
5.58	0.00103005
5.6	0.00101043
5.62	0.00073575
5.64	0.00072594
5.66	0.00070632
5.68	0.00069651
5.7	0.00042183
5.72	0.00015696
5.74	-0.00037278
5.76	-0.00114777
5.78	-0.00164808
5.8	-0.00188352
5.82	-0.00158922
5.84	-0.00155979
5.86	-0.0012753
5.88	-0.00099081
5.9	-0.00070632
5.92	-0.00042183
5.94	0.00011772
5.96	0.00064746
5.98	0.00090252
6	0.00061803
6.02	0.00060822
6.04	0.00032373
6.06	-0.00050031
6.08	-0.00076518
6.1	-0.00102024
6.12	-0.00072594
6.14	-0.00071613
6.16	-0.00043164
6.18	-0.00042183
6.2	0.00013734
6.22	0.00041202
6.24	0.00040221
6.26	0.0003924
6.28	-0.00016677
6.3	-0.00100062
6.32	-0.00126549
6.34	-0.00124587
6.36	-0.00094176
6.38	-0.00120663
6.4	-0.0011772
6.42	-0.00115758
6.44	-0.00113796
6.46	-0.00083385
6.48	-0.00081423
6.5	-0.0013734
6.52	-0.00191295
6.54	-0.00187371
6.56	-0.000981
6.58	-0.00066708
6.6	-0.00065727
6.62	-0.00093195
6.64	-0.00061803
6.66	-0.00002943
6.68	0.00055917
6.7	0.00141264
6.72	0.0022563
6.74	0.00221706
6.76	0.00159903
6.78	0.0015696
6.8	0.00154017
6.82	0.00122625
6.84	0.00061803
6.86	0.00060822
6.88	-0.00028449
6.9	-0.00261927
6.92	-0.00344331
6.94	-0.00278604
6.96	-0.00332559
6.98	-0.00443412
7	-0.00345312
7.02	-0.00250155
7.04	-0.0030411
7.06	-0.00238383
7.08	0.00033354
7.1	0.00120663
7.12	0.00000981
7.14	0.00001962
7.16	0.00120663
7.18	0.00089271
7.2	-0.00119682
7.22	-0.00145188
7.24	0.00005886
7.26	0.00036297
7.28	-0.00082404
7.3	-0.00020601
7.32	0.00188352
7.34	0.0033354
7.36	0.00357084
7.38	0.00469899
7.4	0.00669042
7.42	0.00744579
7.44	0.00700434
7.46	0.00626859
7.48	0.00464994
7.5	0.0003924
7.52	-0.00407115
7.54	-0.00547398
7.56	-0.00298224
7.58	-0.00053955
7.6	0.00154998
7.62	0.00389457
7.64	0.0050031
7.66	0.004905
7.68	0.00599391
7.7	0.00973152
7.72	0.01249794
7.74	0.01253718
7.76	0.0113796
7.78	0.00994734
7.8	0.00705339
7.82	0.0036297
7.84	0.0023544
7.86	0.00317844
7.88	0.00250155
7.9	0.00004905
7.92	-0.00205029
7.94	-0.00232497
7.96	-0.00200124
7.98	-0.00286452
8	-0.00311958
8.02	-0.00129492
8.04	0.00079461
8.06	0.00104967
8.08	0.00011772
8.1	-0.00168732
8.12	-0.00404172
8.14	-0.00666099
8.16	-0.00921159
8.18	-0.01231155
8.2	-0.01474443
8.22	-0.01673586
8.24	-0.01669662
8.26	-0.01467576
8.28	-0.01022202
8.3	-0.00407115
8.32	-0.00102024
8.34	-0.00337464
8.36	-0.00746541
8.38	-0.00729864
8.4	-0.00267813
8.42	0.00034335
8.44	0.00094176
8.46	0.00390438
8.48	0.00859356
8.5	0.0104967
8.52	0.01178181
8.54	0.0148131
8.56	0.01449918
8.58	0.0067689
8.6	-0.00168732
8.62	-0.00432621
8.64	-0.00514044
8.66	-0.00652365
8.68	-0.00430659
8.7	0.00321768
8.72	0.00908406
8.74	0.01007487
8.76	0.01076157
8.78	0.01381248
8.8	0.01430298
8.82	0.01232136
8.84	0.0129492
8.86	0.01553904
8.88	0.01370457
8.9	0.00845622
8.92	0.00797553
8.94	0.01135017
8.96	0.00988848
8.98	0.00400248
9	0.00301167
9.02	0.005886
9.04	0.00453222
9.06	-0.00065727
9.08	-0.00454203
9.1	-0.0074556
9.12	-0.01090872
9.14	-0.01101663
9.16	-0.00875052
9.18	-0.01158561
9.2	-0.01961019
9.22	-0.02547657
9.24	-0.02676168
9.26	-0.02772306
9.28	-0.03134295
9.3	-0.03724857
9.32	-0.04094694
9.34	-0.03861216
9.36	-0.02769363
9.38	-0.01085967
9.4	0.00453222
9.42	0.01575486
9.44	0.02606517
9.46	0.03625776
9.48	0.04236939
9.5	0.04239882
9.52	0.03797451
9.54	0.02945943
9.56	0.01457766
9.58	-0.00316863
9.6	-0.01738332
9.62	-0.0288414
9.64	-0.04253616
9.66	-0.05435721
9.68	-0.05977233
9.7	-0.06122421
9.72	-0.06471657
9.74	-0.06395139
9.76	-0.0524835
9.78	-0.03540429
9.8	-0.02214117
9.82	-0.01239984
9.84	-0.00086328
9.86	0.01082043
9.88	0.01752066
9.9	0.02339685
9.92	0.02834109
9.94	0.02754648
9.96	0.02706579
9.98	0.03641472
10	0.05109048
10.02	0.06138117
10.04	0.0661194
10.06	0.06926841
10.08	0.07292754
10.1	0.07203483
10.12	0.06402006
10.14	0.05407272
10.16	0.04283046
10.18	0.02357343
10.2	-0.00272718
10.22	-0.02669301
10.24	-0.0449298
10.26	-0.061803
10.28	-0.07662591
10.3	-0.07795026
10.32	-0.06547194
10.34	-0.04958955
10.36	-0.03440367
10.38	-0.01763838
10.4	-0.00160884
10.42	0.01212516
10.44	0.02458386
10.46	0.03271635
10.48	0.03147048
10.5	0.02549619
10.52	0.02798793
10.54	0.04050549
10.56	0.05443569
10.58	0.06460866
10.6	0.06652161
10.62	0.05858532
10.64	0.04278141
10.66	0.02263167
10.68	0.00229554
10.7	-0.01654947
10.72	-0.03342267
10.74	-0.04796109
10.76	-0.05763375
10.78	-0.05947803
10.8	-0.05593662
10.82	-0.04857912
10.84	-0.03790584
10.86	-0.02853729
10.88	-0.02737971
10.9	-0.03156858
10.92	-0.02882178
10.94	-0.01810926
10.96	-0.00981
10.98	-0.00960399
11	-0.01254699
11.02	-0.00996696
11.04	0.00067689
11.06	0.01645137
11.08	0.03537486
11.1	0.05300343
11.12	0.06382386
11.14	0.06519726
11.16	0.05851665
11.18	0.04750002
11.2	0.03353058
11.22	0.01556847
11.24	-0.00460089
11.26	-0.02108169
11.28	-0.02930247
11.3	-0.03380526
11.32	-0.03760173
11.34	-0.04162383
11.36	-0.04694085
11.38	-0.04925601
11.4	-0.0409077
11.42	-0.02581011
11.44	-0.01488177
11.46	-0.00871128
11.48	-0.00167751
11.5	0.00403191
11.52	0.00455184
11.54	-0.00056898
11.56	-0.00498348
11.58	-0.00722997
11.6	-0.00734769
11.62	-0.00210915
11.64	0.00986886
11.66	0.02624175
11.68	0.03849444
11.7	0.04307571
11.72	0.04399785
11.74	0.04042701
11.76	0.03127428
11.78	0.01635327
11.8	0.00095157
11.82	-0.0124587
11.84	-0.02579049
11.86	-0.0386514
11.88	-0.04499847
11.9	-0.04517505
11.92	-0.04136877
11.94	-0.03695427
11.96	-0.03588498
11.98	-0.03393279
12	-0.02725218
12.02	-0.01982601
12.04	-0.01550961
12.06	-0.01395963
12.08	-0.01361628
12.1	-0.01207611
12.12	-0.00413001
12.14	0.01505835
12.16	0.03938715
12.18	0.06084162
12.2	0.07718508
12.22	0.08743653
12.24	0.09251811
12.26	0.08855487
12.28	0.07723413
12.3	0.06414759
12.32	0.0509139
12.34	0.03565935
12.36	0.01822698
12.38	0.00452241
12.4	-0.00515025
12.42	-0.01374381
12.44	-0.01828584
12.46	-0.01441089
12.48	-0.00943722
12.5	-0.01051632
12.52	-0.01809945
12.54	-0.02810565
12.56	-0.03919095
12.58	-0.0502272
12.6	-0.0584676
12.62	-0.05937993
12.64	-0.05314077
12.66	-0.044145
12.68	-0.03493341
12.7	-0.02053233
12.72	0.00298224
12.74	0.02451519
12.76	0.03203946
12.78	0.03288312
12.8	0.03518847
12.82	0.03565935
12.84	0.03552201
12.86	0.03566916
12.88	0.03163725
12.9	0.01578429
12.92	-0.01272357
12.94	-0.04539087
12.96	-0.07440885
12.98	-0.09509814
13	-0.10236735
13.02	-0.09938511
13.04	-0.0949608
13.06	-0.08911404
13.08	-0.07712622
13.1	-0.05891886
13.12	-0.03592422
13.14	-0.01408716
13.16	0.00405153
13.18	0.01864881
13.2	0.02719332
13.22	0.02595726
13.24	0.01930608
13.26	0.01219383
13.28	0.00909387
13.3	0.01587258
13.32	0.03071511
13.34	0.04444911
13.36	0.05076675
13.38	0.04802976
13.4	0.03701313
13.42	0.02385792
13.44	0.01730484
13.46	0.01523493
13.48	0.0090252
13.5	-0.00329616
13.52	-0.01287072
13.54	-0.01104606
13.56	0.00132435
13.58	0.01859976
13.6	0.03481569
13.62	0.04663674
13.64	0.05573061
13.66	0.06325488
13.68	0.07121079
13.7	0.08484669
13.72	0.09856107
13.74	0.10057212
13.76	0.08876088
13.78	0.06995511
13.8	0.05221863
13.82	0.03650301
13.84	0.02327913
13.86	0.01110492
13.88	-0.0051993
13.9	-0.02770344
13.92	-0.04984461
13.94	-0.06517764
13.96	-0.07285887
13.98	-0.07652781
14	-0.08009865
14.02	-0.08109927
14.04	-0.0760275
14.06	-0.06737508
14.08	-0.05710401
14.1	-0.04236939
14.12	-0.02515284
14.14	-0.00867204
14.16	0.00786762
14.18	0.02666358
14.2	0.0433602
14.22	0.04892247
14.24	0.04763736
14.26	0.04786299
14.28	0.04955031
14.3	0.04881456
14.32	0.04957974
14.34	0.04941297
14.36	0.04330134
14.38	0.03264768
14.4	0.02031651
14.42	0.00326673
14.44	-0.02185668
14.46	-0.05369013
14.48	-0.08973207
14.5	-0.12143799
14.52	-0.13880169
14.54	-0.14282379
14.56	-0.13961592
14.58	-0.12810879
14.6	-0.11008782
14.62	-0.09062478
14.64	-0.07054371
14.66	-0.04678389
14.68	-0.01755009
14.7	0.00900558
14.72	0.02828223
14.74	0.04470417
14.76	0.05880114
14.78	0.06983739
14.8	0.07984359
14.82	0.08923176
14.84	0.09404847
14.86	0.08804475
14.88	0.07781292
14.9	0.07153452
14.92	0.07101459
14.94	0.06689439
14.96	0.04947183
14.98	0.02359305
15	0.00360027
15.02	-0.00896634
15.04	-0.02029689
15.06	-0.02702655
15.08	-0.02529018
15.1	-0.02301426
15.12	-0.02404431
15.14	-0.02027727
15.16	-0.01134036
15.18	-0.00666099
15.2	-0.00800496
15.22	-0.00722997
15.24	-0.00201105
15.26	0.00607239
15.28	0.01984563
15.3	0.04085865
15.32	0.06161661
15.34	0.07312374
15.36	0.07508574
15.38	0.07561548
15.4	0.07610598
15.42	0.07002378
15.44	0.05494581
15.46	0.0361989
15.48	0.01763838
15.5	-0.0023544
15.52	-0.02351457
15.54	-0.04444911
15.56	-0.06644313
15.58	-0.08827038
15.6	-0.10199457
15.62	-0.09936549
15.64	-0.08728938
15.66	-0.07693983
15.68	-0.0698472
15.7	-0.05919354
15.72	-0.04191813
15.74	-0.02271996
15.76	-0.00567999
15.78	0.00724959
15.8	0.01307673
15.82	0.01493082
15.84	0.01764819
15.86	0.02078739
15.88	0.02634966
15.9	0.03536505
15.92	0.04268331
15.94	0.04618548
15.96	0.04733325
15.98	0.04348773
16	0.03456063
16.02	0.0243288
16.04	0.01400868
16.06	0.00458127
16.08	-0.00386514
16.1	-0.01065366
16.12	-0.01492101
16.14	-0.01643175
16.16	-0.01672605
16.18	-0.01701054
16.2	-0.016677
16.22	-0.01130112
16.24	-0.00187371
16.26	0.00587619
16.28	0.0113796
16.3	0.01052613
16.32	0.00047088
16.34	-0.01322388
16.36	-0.02237661
16.38	-0.02549619
16.4	-0.02260224
16.42	-0.01621593
16.44	-0.01272357
16.46	-0.01594125
16.48	-0.02156238
16.5	-0.02497626
16.52	-0.02624175
16.54	-0.0271737
16.56	-0.02808603
16.58	-0.02778192
16.6	-0.02659491
16.62	-0.02482911
16.64	-0.02517246
16.66	-0.0258003
16.68	-0.02134656
16.7	-0.0146169
16.72	-0.0106929
16.74	-0.00831888
16.76	-0.00074556
16.78	0.01064385
16.8	0.020601
16.82	0.02846862
16.84	0.03687579
16.86	0.04331115
16.88	0.04575384
16.9	0.04754907
16.92	0.05157117
16.94	0.05560308
16.96	0.05418063
16.98	0.04564593
17	0.0359046
17.02	0.03130371
17.04	0.03004803
17.06	0.02971449
17.08	0.03086226
17.1	0.03495303
17.12	0.04003461
17.14	0.04064283
17.16	0.03687579
17.18	0.03098979
17.2	0.0234459
17.22	0.01724598
17.24	0.01621593
17.26	0.01846242
17.28	0.02125827
17.3	0.02607498
17.32	0.03226509
17.34	0.03643434
17.36	0.03556125
17.38	0.02915532
17.4	0.0212877
17.42	0.00970209
17.44	-0.01107549
17.46	-0.03705237
17.48	-0.06041979
17.5	-0.08043219
17.52	-0.09814905
17.54	-0.10993086
17.56	-0.11273652
17.58	-0.11021535
17.6	-0.10605591
17.62	-0.100062
17.64	-0.09180198
17.66	-0.08249229
17.68	-0.07306488
17.7	-0.06509916
17.72	-0.05777109
17.74	-0.0535626
17.76	-0.05059998
17.78	-0.0462051
17.8	-0.04129029
17.82	-0.03736629
17.84	-0.03439386
17.86	-0.02948886
17.88	-0.02071872
17.9	-0.01123245
17.92	-0.00193257
17.94	0.00917235
17.96	0.02103264
17.98	0.03076416
18	0.04010328
18.02	0.05192433
18.04	0.06339222
18.06	0.07233894
18.08	0.0760275
18.1	0.07250571
18.12	0.06666876
18.14	0.06271533
18.16	0.06241122
18.18	0.06446151
18.2	0.06318621
18.22	0.05686857
18.24	0.04918734
18.26	0.04175136
18.28	0.03376602
18.3	0.02592783
18.32	0.01855071
18.34	0.01051632
18.36	0.00433602
18.38	0.00720054
18.4	0.01703016
18.42	0.02852748
18.44	0.03770964
18.46	0.04451778
18.48	0.04919715
18.5	0.05110029
18.52	0.04967784
18.54	0.04501809
18.56	0.03746439
18.58	0.02955753
18.6	0.02230794
18.62	0.01519569
18.64	0.00911349
18.66	0.00671985
18.68	0.00525816
18.7	0.0035316
18.72	0.00302148
18.74	0.00311958
18.76	0.00142245
18.78	-0.00430659
18.8	-0.01655928
18.82	-0.03142143
18.84	-0.04339944
18.86	-0.05007024
18.88	-0.0551322
18.9	-0.06264666
18.92	-0.06920955
18.94	-0.07294716
18.96	-0.07540947
18.98	-0.07631199
19	-0.07421265
19.02	-0.06947442
19.04	-0.06452037
19.06	-0.06113592
19.08	-0.05780052
19.1	-0.05125725
19.12	-0.04126086
19.14	-0.03007746
19.16	-0.01753047
19.18	-0.00801477
19.2	-0.00513063
19.22	-0.00674928
19.24	-0.00505215
19.26	-0.00191295
19.28	-0.00211896
19.3	-0.00766161
19.32	-0.01595106
19.34	-0.02417184
19.36	-0.03014613
19.38	-0.03568878
19.4	-0.04072131
19.42	-0.04246749
19.44	-0.04000518
19.46	-0.03312837
19.48	-0.01934532
19.5	0.00069651
19.52	0.02251395
19.54	0.04348773
19.56	0.05926221
19.58	0.06708078
19.6	0.06789501
19.62	0.06334317
19.64	0.0576828
19.66	0.05421006
19.68	0.05198319
19.7	0.05216958
19.72	0.05888943
19.74	0.072594
19.76	0.0903501
19.78	0.10713501
19.8	0.11680767
19.82	0.11705292
19.84	0.10954827
19.86	0.09384246
19.88	0.06963138
19.9	0.04173174
19.92	0.01439127
19.94	-0.00972171
19.96	-0.02780154
19.98	-0.03827862
20	-0.04329153
20.02	-0.0449298
20.04	-0.04325229
20.06	-0.03804318
20.08	-0.02817432
20.1	-0.01771686
20.12	-0.01123245
20.14	-0.00903501
20.16	-0.00926064
20.18	-0.01065366
20.2	-0.01202706
20.22	-0.01605897
20.24	-0.02415222
20.26	-0.03495303
20.28	-0.04771584
20.3	-0.06158718
20.32	-0.07436961
20.34	-0.08381664
20.36	-0.08778969
20.38	-0.08990865
20.4	-0.09433296
20.42	-0.09746235
20.44	-0.0957456
20.46	-0.09137034
20.48	-0.08677926
20.5	-0.08106003
20.52	-0.07306488
20.54	-0.06343146
20.56	-0.05289552
20.58	-0.04007385
20.6	-0.02224908
20.62	-0.00051993
20.64	0.01976715
20.66	0.03637548
20.68	0.05156136
20.7	0.06394158
20.72	0.07081839
20.74	0.0730845
20.76	0.07262343
20.78	0.07007283
20.8	0.06726717
20.82	0.06569757
20.84	0.0653346
20.86	0.06644313
20.88	0.06871905
20.9	0.07211331
20.92	0.076518
20.94	0.08060877
20.96	0.08253153
20.98	0.08141319
21	0.07525251
21.02	0.0648441
21.04	0.0551322
21.06	0.04560669
21.08	0.0315882
21.1	0.01211535
21.12	-0.00597429
21.14	-0.02082663
21.16	-0.03230433
21.18	-0.03918114
21.2	-0.04234977
21.22	-0.04427253
21.24	-0.05060979
21.26	-0.05906601
21.28	-0.06090048
21.3	-0.05853627
21.32	-0.05829102
21.34	-0.05714325
21.36	-0.05154174
21.38	-0.04258521
21.4	-0.03101922
21.42	-0.01551942
21.44	-0.00014715
21.46	0.01234098
21.48	0.02180763
21.5	0.02641833
21.52	0.02558448
21.54	0.02238642
21.56	0.01656909
21.58	0.00650403
21.6	-0.00879957
21.62	-0.02427975
21.64	-0.03508056
21.66	-0.04060359
21.68	-0.04185927
21.7	-0.04039758
21.72	-0.03897513
21.74	-0.03964221
21.76	-0.04028967
21.78	-0.04081941
21.8	-0.04380165
21.82	-0.04641111
21.84	-0.04449816
21.86	-0.0381609
21.88	-0.02937114
21.9	-0.0164808
21.92	-0.00008829
21.94	0.0187371
21.96	0.0364932
21.98	0.0513063
22	0.06601149
22.02	0.0839736
22.04	0.10046421
22.06	0.1111473
22.08	0.11485548
22.1	0.11044098
22.12	0.09727596
22.14	0.07683192
22.16	0.05214015
22.18	0.02584935
22.2	0.00216801
22.22	-0.0178542
22.24	-0.03233376
22.26	-0.03946563
22.28	-0.04081941
22.3	-0.04064283
22.32	-0.03869064
22.34	-0.03736629
22.36	-0.03903399
22.38	-0.04333077
22.4	-0.04514562
22.42	-0.0439488
22.44	-0.04128048
22.46	-0.03687579
22.48	-0.02689902
22.5	-0.01127169
22.52	0.00561132
22.54	0.01997316
22.56	0.02908665
22.58	0.02730123
22.6	0.01664757
22.62	0.00214839
22.64	-0.01215459
22.66	-0.02369115
22.68	-0.03241224
22.7	-0.03887703
22.72	-0.04251654
22.74	-0.04390956
22.76	-0.0420849
22.78	-0.03682674
22.8	-0.02978316
22.82	-0.02258262
22.84	-0.01641213
22.86	-0.00777933
22.88	0.00494424
22.9	0.01798173
22.92	0.02709522
22.94	0.03255939
22.96	0.03522771
22.98	0.03337362
23	0.0253098
23.02	0.01335141
23.04	0.00123606
23.06	-0.0076518
23.08	-0.01121283
23.1	-0.00865242
23.12	-0.00189333
23.14	0.00740655
23.16	0.01859976
23.18	0.03005784
23.2	0.04078017
23.22	0.04908924
23.24	0.05465151
23.26	0.05681952
23.28	0.05418063
23.3	0.04920696
23.32	0.04403709
23.34	0.0384552
23.36	0.03199041
23.38	0.02565315
23.4	0.02032632
23.42	0.01600011
23.44	0.01144827
23.46	0.00798534
23.48	0.00597429
23.5	0.0054936
23.52	0.00381609
23.54	-0.0004905
23.56	-0.00203067
23.58	0.00001962
23.6	0.00351198
23.62	0.00831888
23.64	0.01014354
23.66	0.0054936
23.68	-0.00511101
23.7	-0.01518588
23.72	-0.01969848
23.74	-0.02116017
23.76	-0.02427975
23.78	-0.03098979
23.8	-0.04024062
23.82	-0.04928544
23.84	-0.05744736
23.86	-0.06463809
23.88	-0.06691401
23.9	-0.06527574
23.92	-0.06544251
23.94	-0.06736527
23.96	-0.06626655
23.98	-0.05892867
24	-0.04698009
24.02	-0.03416823
24.04	-0.02152314
24.06	-0.01268433
24.08	-0.00729864
24.1	-0.00120663
24.12	0.00812268
24.14	0.0175599
24.16	0.02461329
24.18	0.02865501
24.2	0.02934171
24.22	0.02733066
24.24	0.02417184
24.26	0.02196459
24.28	0.02188611
24.3	0.02447595
24.32	0.02699712
24.34	0.02828223
24.36	0.0295281
24.38	0.02896893
24.4	0.0233478
24.42	0.01050651
24.44	-0.00423792
24.46	-0.01501911
24.48	-0.02241585
24.5	-0.02906703
24.52	-0.03259863
24.54	-0.02802717
24.56	-0.01372419
24.58	0.00641574
24.6	0.02823318
24.62	0.05049207
24.64	0.07178958
24.66	0.09046782
24.68	0.1037898
24.7	0.1084005
24.72	0.10289709
24.74	0.08895708
24.76	0.06924879
24.78	0.04556745
24.8	0.02235699
24.82	0.00318825
24.84	-0.01154637
24.86	-0.02420127
24.88	-0.0356103
24.9	-0.04330134
24.92	-0.04459626
24.94	-0.04229091
24.96	-0.04003461
24.98	-0.03840615
25	-0.03679731
25.02	-0.034335
25.04	-0.03339324
25.06	-0.03513942
25.08	-0.03624795
25.1	-0.03584574
25.12	-0.03752325
25.14	-0.04182984
25.16	-0.04653864
25.18	-0.0485595
25.2	-0.04637187
25.22	-0.0377685
25.24	-0.02568258
25.26	-0.01473462
25.28	-0.0067689
25.3	0.00233478
25.32	0.0148131
25.34	0.02813508
25.36	0.03739572
25.38	0.03635586
25.4	0.02641833
25.42	0.01322388
25.44	0.00139302
25.46	-0.0090252
25.48	-0.0191295
25.5	-0.03091131
25.52	-0.04293837
25.54	-0.05123763
25.56	-0.05133573
25.58	-0.04430196
25.6	-0.03571821
25.62	-0.02779173
25.64	-0.01822698
25.66	-0.00360027
25.68	0.01379286
25.7	0.0289395
25.72	0.0406134
25.74	0.04906962
25.76	0.05249331
25.78	0.05028606
25.8	0.0428697
25.82	0.03222585
25.84	0.02091492
25.86	0.01259604
25.88	0.00820116
25.9	0.01015335
25.92	0.01967886
25.94	0.03177459
25.96	0.04301685
25.98	0.05214996
26	0.05642712
26.02	0.05524992
26.04	0.0496386
26.06	0.04175136
26.08	0.03144105
26.1	0.01796211
26.12	0.00425754
26.14	-0.0056898
26.16	-0.00771066
26.18	-0.00226611
26.2	0.00573885
26.22	0.01377324
26.24	0.02084625
26.26	0.02450538
26.28	0.02451519
26.3	0.02244528
26.32	0.01832508
26.34	0.0086328
26.36	-0.00640593
26.38	-0.02182725
26.4	-0.03594384
26.42	-0.04778451
26.44	-0.056898
26.46	-0.06354918
26.48	-0.06677667
26.5	-0.06665895
26.52	-0.0641574
26.54	-0.05960556
26.56	-0.05663313
26.58	-0.05757489
26.6	-0.05937012
26.62	-0.06051789
26.64	-0.06163623
26.66	-0.06419664
26.68	-0.06402006
26.7	-0.06026283
26.72	-0.05509296
26.74	-0.04852026
26.76	-0.03850425
26.78	-0.02640852
26.8	-0.01534284
26.82	-0.00538569
26.84	0.00546417
26.86	0.0164808
26.88	0.02489778
26.9	0.03007746
26.92	0.03644415
26.94	0.04206528
26.96	0.04250673
26.98	0.03937734
27	0.03839634
27.02	0.04009347
27.04	0.04472379
27.06	0.05331735
27.08	0.0615087
27.1	0.06596244
27.12	0.06883677
27.14	0.07341804
27.16	0.07868601
27.18	0.08304165
27.2	0.08609256
27.22	0.08728938
27.24	0.08517042
27.26	0.0756351
27.28	0.06044922
27.3	0.04396842
27.32	0.02850786
27.34	0.01444032
27.36	0.00223668
27.38	-0.00743598
27.4	-0.01633365
27.42	-0.02563353
27.44	-0.0328635
27.46	-0.03647358
27.48	-0.03703275
27.5	-0.03966183
27.52	-0.04848102
27.54	-0.06235236
27.56	-0.07601769
27.58	-0.08454258
27.6	-0.08851563
27.62	-0.09002637
27.64	-0.09207666
27.66	-0.09288108
27.68	-0.08888841
27.7	-0.08050086
27.72	-0.06751242
27.74	-0.05010948
27.76	-0.02948886
27.78	-0.00888786
27.8	0.00792648
27.82	0.01766781
27.84	0.01888425
27.86	0.01622574
27.88	0.01361628
27.9	0.00807363
27.92	-0.00300186
27.94	-0.01611783
27.96	-0.02549619
27.98	-0.03111732
28	-0.03533562
28.02	-0.03478626
28.04	-0.02513322
28.06	-0.00635688
28.08	0.01699092
28.1	0.04015233
28.12	0.05896791
28.14	0.07006302
28.16	0.07051428
28.18	0.06054732
28.2	0.04374279
28.22	0.02420127
28.24	0.0084366
28.26	-0.00028449
28.28	-0.00258984
28.3	-0.00128511
28.32	-0.00120663
28.34	-0.00201105
28.36	-0.00399267
28.38	-0.00742617
28.4	-0.0124587
28.42	-0.015696
28.44	-0.01322388
28.46	-0.00991791
28.48	-0.01203687
28.5	-0.02212155
28.52	-0.03516885
28.54	-0.04475322
28.56	-0.04641111
28.58	-0.0409077
28.6	-0.03163725
28.62	-0.01908045
28.64	-0.00400248
28.66	0.01156599
28.68	0.03098979
28.7	0.05844798
28.72	0.09374436
28.74	0.12600945
28.76	0.1430298
28.78	0.14284341
28.8	0.12965877
28.82	0.10681128
28.84	0.07917651
28.86	0.05296419
28.88	0.02876292
28.9	0.00949608
28.92	-0.00322749
28.94	-0.00768123
28.96	-0.00371799
28.98	0.00788724
29	0.02121903
29.02	0.02484873
29.04	0.01444032
29.06	-0.00367875
29.08	-0.01972791
29.1	-0.0317844
29.12	-0.03715047
29.14	-0.03408975
29.16	-0.02782116
29.18	-0.01988487
29.2	-0.00624897
29.22	0.01572543
29.24	0.04765698
29.26	0.08188407
29.28	0.10350531
29.3	0.11020554
29.32	0.10843974
29.34	0.09686394
29.36	0.06270552
29.38	0.00436545
29.4	-0.05899734
29.42	-0.11096091
29.44	-0.15086799
29.46	-0.18112203
29.48	-0.19416933
29.5	-0.18314289
29.52	-0.1557828
29.54	-0.12182058
29.56	-0.08137395
29.58	-0.03083283
29.6	0.02314179
29.62	0.05943879
29.64	0.06328431
29.66	0.0401229
29.68	-0.00158922
29.7	-0.05245407
29.72	-0.09608895
29.74	-0.10968561
29.76	-0.08991846
29.78	-0.04557726
29.8	0.01321407
29.82	0.07585092
29.84	0.13542705
29.86	0.18634095
29.88	0.2136618
29.9	0.20572551
29.92	0.16503363
29.94	0.10564389
29.96	0.04714686
29.98	0.00024525
30	-0.02888064
30.02	-0.03520809
30.04	-0.01595106
30.06	0.02072853
30.08	0.06349032
30.1	0.10644831
30.12	0.13402422
30.14	0.12959991
30.16	0.09028143
30.18	0.02331837
30.2	-0.05315058
30.22	-0.10999953
30.24	-0.1345932
30.26	-0.13290588
30.28	-0.10845936
30.3	-0.0624897
30.32	0.0017658
30.34	0.07114212
30.36	0.13563306
30.38	0.19106937
30.4	0.22698378
30.42	0.22149018
30.44	0.17071362
30.46	0.09650097
30.48	0.01832508
30.5	-0.05877171
30.52	-0.12696102
30.54	-0.18753777
30.56	-0.24743763
30.58	-0.30281508
30.6	-0.34064244
30.62	-0.34722495
30.64	-0.33194097
30.66	-0.31722597
30.68	-0.31105548
30.7	-0.29956797
30.72	-0.27021645
30.74	-0.22892616
30.76	-0.16976205
30.78	-0.07558605
30.8	0.04211433
30.82	0.14161716
30.84	0.19509147
30.86	0.2094435
30.88	0.2004183
30.9	0.18651753
30.92	0.18267201
30.94	0.18329985
30.96	0.17088039
30.98	0.14085198
31	0.10668375
31.02	0.08379702
31.04	0.07391835
31.06	0.06648237
31.08	0.05739831
31.1	0.05088447
31.12	0.05697648
31.14	0.07113231
31.16	0.06988644
31.18	0.03585555
31.2	-0.02162124
31.22	-0.08277678
31.24	-0.13782069
31.26	-0.17734518
31.28	-0.19245258
31.3	-0.1825641
31.32	-0.15889257
31.34	-0.13071825
31.36	-0.09743292
31.38	-0.05388633
31.4	-0.0057879
31.42	0.03061701
31.44	0.04548897
31.46	0.04471398
31.48	0.03831786
31.5	0.0424773
31.52	0.06128307
31.54	0.07290792
31.56	0.04750983
31.58	-0.0155979
31.6	-0.09164502
31.62	-0.1532322
31.64	-0.18549729
31.66	-0.17762967
31.68	-0.13385745
31.7	-0.07165224
31.72	-0.00266832
31.74	0.06311754
31.76	0.11300139
31.78	0.14412852
31.8	0.16153146
31.82	0.16080552
31.84	0.13072806
31.86	0.07758729
31.88	0.02435823
31.9	-0.01005525
31.92	-0.01920798
31.94	-0.01066347
31.96	0.00115758
31.98	0.01642194
32	0.04794147
32.02	0.08589636
32.04	0.1084986
32.06	0.11995668
32.08	0.13691817
32.1	0.15903972
32.12	0.16965414
32.14	0.16052103
32.16	0.14720886
32.18	0.14385384
32.2	0.13662387
32.22	0.10731159
32.24	0.06731622
32.26	0.03228471
32.28	-0.0005886
32.3	-0.03536505
32.32	-0.05442588
32.34	-0.0253098
32.36	0.05301324
32.38	0.1417545
32.4	0.20516634
32.42	0.241326
32.44	0.25828749
32.46	0.25503057
32.48	0.21917502
32.5	0.14963193
32.52	0.070632
32.54	0.00528759
32.56	-0.05192433
32.58	-0.1100682
32.6	-0.16373871
32.62	-0.20033001
32.64	-0.22130379
32.66	-0.23498874
32.68	-0.24816357
32.7	-0.26598834
32.72	-0.28338147
32.74	-0.29571264
32.76	-0.30228534
32.78	-0.2965563
32.8	-0.26779338
32.82	-0.21291624
32.84	-0.1469538
32.86	-0.08735805
32.88	-0.04163364
32.9	-0.02299464
32.92	-0.03988746
32.94	-0.07510536
32.96	-0.10839069
32.98	-0.13533876
33	-0.15577299
33.02	-0.16395453
33.04	-0.14606109
33.06	-0.0986886
33.08	-0.03713085
33.1	0.02347533
33.12	0.08079516
33.14	0.13256253
33.16	0.16531812
33.18	0.17112564
33.2	0.15719544
33.22	0.14068521
33.24	0.14073426
33.26	0.16384662
33.28	0.19889775
33.3	0.22664043
33.32	0.23743143
33.34	0.23350743
33.36	0.22099968
33.38	0.19987875
33.4	0.16546527
33.42	0.12042756
33.44	0.07281963
33.46	0.02635947
33.48	-0.00816192
33.5	-0.01640232
33.52	-0.00003924
33.54	0.02428956
33.56	0.04166307
33.58	0.04499847
33.6	0.0369837
33.62	0.02585916
33.64	0.02061081
33.66	0.02408355
33.68	0.03430557
33.7	0.04628358
33.72	0.05751603
33.74	0.06374538
33.76	0.05674104
33.78	0.03977955
33.8	0.01730484
33.82	-0.00827964
33.84	-0.02887083
33.86	-0.03785679
33.88	-0.0320787
33.9	-0.01405773
33.92	0.00249174
33.94	-0.00004905
33.96	-0.02271996
33.98	-0.04657788
34	-0.06431436
34.02	-0.08914347
34.04	-0.1289034
34.06	-0.17455914
34.08	-0.21518235
34.1	-0.24860502
34.12	-0.27139365
34.14	-0.27810369
34.16	-0.2692845
34.18	-0.25267617
34.2	-0.23954058
34.22	-0.23463558
34.24	-0.23125113
34.26	-0.21657537
34.28	-0.18232866
34.3	-0.13668273
34.32	-0.09302823
34.34	-0.05408253
34.36	-0.01421469
34.38	0.02612403
34.4	0.05791824
34.42	0.08104041
34.44	0.09664812
34.46	0.09734463
34.48	0.0766161
34.5	0.04303647
34.52	0.00955494
34.54	-0.013734
34.56	-0.01879596
34.58	0.00329616
34.6	0.05683914
34.62	0.13056129
34.64	0.20044773
34.66	0.24330762
34.68	0.25455969
34.7	0.24624081
34.72	0.23212422
34.74	0.21952818
34.76	0.21180771
34.78	0.20714796
34.8	0.19182474
34.82	0.16202196
34.84	0.1256661
34.86	0.08763273
34.88	0.0473823
34.9	0.00714168
34.92	-0.03389355
34.94	-0.081423
34.96	-0.13103217
34.98	-0.16344441
35	-0.16593615
35.02	-0.13903713
35.04	-0.09931644
35.06	-0.06903297
35.08	-0.05537745
35.1	-0.05109048
35.12	-0.05252274
35.14	-0.06422607
35.16	-0.08577864
35.18	-0.10636002
35.2	-0.12226203
35.22	-0.14317695
35.24	-0.17254809
35.26	-0.19889775
35.28	-0.20930616
35.3	-0.20252745
35.32	-0.18693936
35.34	-0.16668171
35.36	-0.14074407
35.38	-0.10796886
35.4	-0.07028865
35.42	-0.03923019
35.44	-0.03575745
35.46	-0.06163623
35.48	-0.08960454
35.5	-0.1021221
35.52	-0.10288728
35.54	-0.084366
35.56	-0.03736629
35.58	0.02846862
35.6	0.10089585
35.62	0.17342118
35.64	0.23869692
35.66	0.29081745
35.68	0.32856633
35.7	0.3577707
35.72	0.38513079
35.74	0.4082922
35.76	0.41363865
35.78	0.38658267
35.8	0.32940018
35.82	0.26067132
35.84	0.19743606
35.86	0.13957668
35.88	0.07540947
35.9	0.00401229
35.92	-0.05918373
35.94	-0.10515339
35.96	-0.13701627
35.98	-0.15830397
36	-0.16982091
36.02	-0.17792397
36.04	-0.19050039
36.06	-0.21288681
36.08	-0.23484159
36.1	-0.23984469
36.12	-0.22380534
36.14	-0.19251144
36.16	-0.1566657
36.18	-0.1238022
36.2	-0.09652059
36.22	-0.07343766
36.24	-0.05496543
36.26	-0.04388013
36.28	-0.03686598
36.3	-0.02352438
36.32	-0.00293319
36.34	0.01564695
36.36	0.02949867
36.38	0.04029948
36.4	0.04501809
36.42	0.04101561
36.44	0.03144105
36.46	0.01978677
36.48	0.00797553
36.5	-0.00171675
36.52	-0.01162485
36.54	-0.02488797
36.56	-0.03538467
36.58	-0.03386412
36.6	-0.01671624
36.62	0.00958437
36.64	0.03245148
36.66	0.0428697
36.68	0.04456683
36.7	0.044145
36.72	0.04373298
36.74	0.05255217
36.76	0.07683192
36.78	0.1071252
36.8	0.13409289
36.82	0.15634197
36.84	0.17604045
36.86	0.19153044
36.88	0.19525824
36.9	0.18004293
36.92	0.14818005
36.94	0.10205343
36.96	0.0414963
36.98	-0.02466234
37	-0.07876449
37.02	-0.10956789
37.04	-0.11655261
37.06	-0.10753722
37.08	-0.08938872
37.1	-0.06931746
37.12	-0.05429835
37.14	-0.04770603
37.16	-0.04646997
37.18	-0.04990347
37.2	-0.06139098
37.22	-0.07728318
37.24	-0.09202761
37.26	-0.10607553
37.28	-0.11573838
37.3	-0.11179476
37.32	-0.09107604
37.34	-0.05887962
37.36	-0.02436804
37.38	0.00052974
37.4	0.00927045
37.42	0.01073214
37.44	0.01573524
37.46	0.02329875
37.48	0.02623194
37.5	0.02018898
37.52	0.00595467
37.54	-0.01562733
37.56	-0.0403191
37.58	-0.05507334
37.6	-0.04274217
37.62	-0.0025506
37.64	0.04681332
37.66	0.08901594
37.68	0.11984877
37.7	0.13804632
37.72	0.13800708
37.74	0.11983896
37.76	0.09499023
37.78	0.07509555
37.8	0.06142041
37.82	0.04651902
37.84	0.03917133
37.86	0.05614263
37.88	0.09413676
37.9	0.13210146
37.92	0.15926535
37.94	0.17495154
37.96	0.17184177
37.98	0.14270607
38	0.09155673
38.02	0.03173535
38.04	-0.02449557
38.06	-0.07335918
38.08	-0.11954466
38.1	-0.16557318
38.12	-0.20418534
38.14	-0.22949514
38.16	-0.2453481
38.18	-0.25458912
38.2	-0.25030215
38.22	-0.22891635
38.24	-0.19485603
38.26	-0.15997167
38.28	-0.13080654
38.3	-0.10010124
38.32	-0.06107706
38.34	-0.02046366
38.36	0.01298844
38.38	0.0394362
38.4	0.06644313
38.42	0.09616743
38.44	0.12675501
38.46	0.16315992
38.48	0.21187638
38.5	0.26498772
38.52	0.30674889
38.54	0.32481891
38.56	0.31759875
38.58	0.28886526
38.6	0.24580917
38.62	0.19744587
38.64	0.14574717
38.66	0.09099756
38.68	0.03257901
38.7	-0.02495664
38.72	-0.07072029
38.74	-0.10188666
38.76	-0.12349809
38.78	-0.1390077
38.8	-0.14981832
38.82	-0.15821568
38.84	-0.16204158
38.86	-0.15624387
38.88	-0.13874283
38.9	-0.11087262
38.92	-0.07582149
38.94	-0.03729762
38.96	0.00073575
38.98	0.03622833
39	0.0656289
39.02	0.08105022
39.04	0.07989264
39.06	0.06716907
39.08	0.05004081
39.1	0.03196098
39.12	0.02000259
39.14	0.0158922
39.16	0.01155618
39.18	-0.00302148
39.2	-0.02630061
39.22	-0.04660731
39.24	-0.06056694
39.26	-0.0764199
39.28	-0.09838449
39.3	-0.11986839
39.32	-0.13564287
39.34	-0.14621805
39.36	-0.15338916
39.38	-0.15711696
39.4	-0.15746031
39.42	-0.15212367
39.44	-0.1453842
39.46	-0.14023395
39.48	-0.1297863
39.5	-0.10743912
39.52	-0.07274115
39.54	-0.02892969
39.56	0.0252117
39.58	0.08806437
39.6	0.15138792
39.62	0.2009088
39.64	0.22987773
39.66	0.2445633
39.68	0.25366698
39.7	0.25826787
39.72	0.25807167
39.74	0.24920343
39.76	0.23284035
39.78	0.21458394
39.8	0.18990198
39.82	0.14812119
39.84	0.08675964
39.86	0.01354761
39.88	-0.06253875
39.9	-0.13212108
39.92	-0.1868805
39.94	-0.22118607
39.96	-0.22551228
39.98	-0.19922148
40	-0.15501762
40.02	-0.10524168
40.04	-0.0522873
40.06	0.00057879
40.08	0.03977955
40.1	0.05311134
40.12	0.0397305
40.14	0.00620973
40.16	-0.03870045
40.18	-0.08337519
40.2	-0.11901492
40.22	-0.14985756
40.24	-0.18004293
40.26	-0.20870775
40.28	-0.23405679
40.3	-0.24843825
40.32	-0.24235605
40.34	-0.21296529
40.36	-0.16730955
40.38	-0.11710197
40.4	-0.07007283
40.42	-0.02385792
40.44	0.02072853
40.46	0.06005682
40.48	0.09203742
40.5	0.11116692
40.52	0.10917549
40.54	0.08382645
40.56	0.04711743
40.58	0.01890387
40.6	0.01584315
40.62	0.03975993
40.64	0.07713603
40.66	0.11402163
40.68	0.14002794
40.7	0.14972022
40.72	0.1409697
40.74	0.11741589
40.76	0.08461125
40.78	0.04661712
40.8	0.00899577
40.82	-0.01954152
40.84	-0.03421728
40.86	-0.03224547
40.88	-0.01545075
40.9	0.01159542
40.92	0.04134915
40.94	0.06780672
40.96	0.08570016
40.98	0.09200799
41	0.08748558
41.02	0.07829361
41.04	0.06668838
41.06	0.05223825
41.08	0.04056435
41.1	0.03792546
41.12	0.04295799
41.14	0.05034492
41.16	0.06294096
41.18	0.08288469
41.2	0.10716444
41.22	0.12883473
41.24	0.14092065
41.26	0.14461902
41.28	0.14564907
41.3	0.14662026
41.32	0.14367726
41.34	0.13392612
41.36	0.12176172
41.38	0.10377018
41.4	0.07313355
41.42	0.02743857
41.44	-0.02741895
41.46	-0.08245305
41.48	-0.12942333
41.5	-0.16749594
41.52	-0.19873098
41.54	-0.21908673
41.56	-0.22403097
41.58	-0.21825288
41.6	-0.21027735
41.62	-0.20231163
41.64	-0.1911969
41.66	-0.17729613
41.68	-0.16136469
41.7	-0.14622786
41.72	-0.13314132
41.74	-0.11949561
41.76	-0.10779228
41.78	-0.10194552
41.8	-0.09826677
41.82	-0.09434277
41.84	-0.09287127
41.86	-0.09645192
41.88	-0.10171008
41.9	-0.10446669
41.92	-0.10238697
41.94	-0.0937836
41.96	-0.07819551
41.98	-0.05826159
42	-0.03902418
42.02	-0.02512341
42.04	-0.01802097
42.06	-0.01700073
42.08	-0.01777572
42.1	-0.01733427
42.12	-0.01541151
42.14	-0.00905463
42.16	0.00481671
42.18	0.02940057
42.2	0.06358842
42.22	0.10330911
42.24	0.14537439
42.26	0.18725328
42.28	0.2225889
42.3	0.24409242
42.32	0.25175403
42.34	0.25069455
42.36	0.24902685
42.38	0.25240149
42.4	0.26060265
42.42	0.27373824
42.44	0.28912032
42.46	0.29906766
42.48	0.29516328
42.5	0.27593568
42.52	0.2451519
42.54	0.20781504
42.56	0.16374852
42.58	0.113796
42.6	0.05759451
42.62	-0.00183447
42.64	-0.05946822
42.66	-0.10522206
42.68	-0.13617261
42.7	-0.15787233
42.72	-0.17564805
42.74	-0.19084374
42.76	-0.20660841
42.78	-0.22626765
42.8	-0.24686865
42.82	-0.26193681
42.84	-0.26784243
42.86	-0.26435988
42.88	-0.25405938
42.9	-0.23856939
42.92	-0.21958704
42.94	-0.1978677
42.96	-0.17426484
42.98	-0.14991642
43	-0.12623508
43.02	-0.10278918
43.04	-0.07951005
43.06	-0.05627016
43.08	-0.03300084
43.1	-0.00959418
43.12	0.01244889
43.14	0.0252117
43.16	0.02076777
43.18	0.00495405
43.2	-0.01063404
43.22	-0.02105226
43.24	-0.02808603
43.26	-0.03140181
43.28	-0.02750724
43.3	-0.01625517
43.32	-0.00027468
43.34	0.0177561
43.36	0.03612042
43.38	0.05251293
43.4	0.06509916
43.42	0.07584111
43.44	0.08645553
43.46	0.0959418
43.48	0.10452555
43.5	0.11451213
43.52	0.1262547
43.54	0.14140134
43.56	0.15907896
43.58	0.17548128
43.6	0.1895292
43.62	0.19988856
43.64	0.20445021
43.66	0.20114424
43.68	0.19222695
43.7	0.18047457
43.72	0.16485705
43.74	0.14119533
43.76	0.10668375
43.78	0.06125364
43.8	0.01119321
43.82	-0.03885741
43.84	-0.089271
43.86	-0.13657482
43.88	-0.17406864
43.9	-0.19739682
43.92	-0.20754036
43.94	-0.20694195
43.96	-0.19821105
43.98	-0.18892098
44	-0.18574254
44.02	-0.18583083
44.04	-0.18261315
44.06	-0.17288163
44.08	-0.15528249
44.1	-0.12769677
44.12	-0.08965359
44.14	-0.0450279
44.16	-0.00031392
44.18	0.03724857
44.2	0.06692382
44.22	0.09063459
44.24	0.10553598
44.26	0.10891062
44.28	0.10597743
44.3	0.10129806
44.32	0.09491175
44.34	0.08804475
44.36	0.08576883
44.38	0.08767197
44.4	0.08801532
44.42	0.08150148
44.44	0.06598206
44.46	0.0448317
44.48	0.02430918
44.5	0.00785781
44.52	-0.00241326
44.54	-0.00505215
44.56	-0.00109872
44.58	0.00811287
44.6	0.01762857
44.62	0.02585916
44.64	0.03362868
44.66	0.03854349
44.68	0.03503151
44.7	0.0217782
44.72	0.00413982
44.74	-0.00996696
44.76	-0.01218402
44.78	-0.00306072
44.8	0.01259604
44.82	0.0309996
44.84	0.04653864
44.86	0.055917
44.88	0.05914449
44.9	0.05546574
44.92	0.04262445
44.94	0.02063043
44.96	-0.00835812
44.98	-0.04001499
45	-0.07042599
45.02	-0.09575541
45.04	-0.11520864
45.06	-0.1292958
45.08	-0.1388115
45.1	-0.14463864
45.12	-0.14556078
45.14	-0.14020452
45.16	-0.12838347
45.18	-0.11479662
45.2	-0.10225944
45.22	-0.09114471
45.24	-0.07853886
45.26	-0.06249951
45.28	-0.04271274
45.3	-0.01855071
45.32	0.01046727
45.34	0.03977955
45.36	0.06444189
45.38	0.08403246
45.4	0.09905157
45.42	0.1084986
45.44	0.11030364
45.46	0.10491795
45.48	0.09367569
45.5	0.07949043
45.52	0.06547194
45.54	0.05469075
45.56	0.04690161
45.58	0.03974031
45.6	0.03450177
45.62	0.03234357
45.64	0.03049929
45.66	0.02899836
45.68	0.02870406
45.7	0.03108789
45.72	0.03609099
45.74	0.0430659
45.76	0.05217939
45.78	0.06564852
45.8	0.0831888
45.82	0.10034649
45.84	0.11486529
45.86	0.12310569
45.88	0.12185001
45.9	0.11157894
45.92	0.09426429
45.94	0.07440885
45.96	0.053955
45.98	0.03608118
46	0.02232756
46.02	0.01220364
46.04	0.00664137
46.06	0.00057879
46.08	-0.01239984
46.1	-0.03263787
46.12	-0.05712363
46.14	-0.0846603
46.16	-0.11133369
46.18	-0.13357296
46.2	-0.14680665
46.22	-0.14846454
46.24	-0.14174469
46.26	-0.13186602
46.28	-0.12067281
46.3	-0.10622268
46.32	-0.0901539
46.34	-0.07856829
46.36	-0.07611579
46.38	-0.08111889
46.4	-0.09076212
46.42	-0.10126863
46.44	-0.10955808
46.46	-0.11259918
46.48	-0.1066347
46.5	-0.09186084
46.52	-0.07331013
46.54	-0.05482809
46.56	-0.03660111
46.58	-0.02031651
46.6	-0.00932931
46.62	-0.0065727
46.64	-0.01040841
46.66	-0.01652985
46.68	-0.02450538
46.7	-0.03240243
46.72	-0.03686598
46.74	-0.03408975
46.76	-0.02215098
46.78	-0.00371799
46.8	0.01731465
46.82	0.03860235
46.84	0.0575847
46.86	0.07408512
46.88	0.0900558
46.9	0.10826316
46.92	0.12934485
46.94	0.15066198
46.96	0.16964433
46.98	0.18553653
47	0.19878984
47.02	0.20955141
47.04	0.2174877
47.06	0.2188611
47.08	0.20996343
47.1	0.191295
47.12	0.16742727
47.14	0.14212728
47.16	0.11859309
47.18	0.10056231
47.2	0.08753463
47.22	0.07621389
47.24	0.06402006
47.26	0.04808862
47.28	0.03019518
47.3	0.01046727
47.32	-0.0141264
47.34	-0.04445892
47.36	-0.07653762
47.38	-0.10617363
47.4	-0.13222899
47.42	-0.15236892
47.44	-0.16435674
47.46	-0.17112564
47.48	-0.17594235
47.5	-0.18002331
47.52	-0.18032742
47.54	-0.17682525
47.56	-0.16930098
47.58	-0.15822549
47.6	-0.14406966
47.62	-0.12849138
47.64	-0.11280519
47.66	-0.09810981
47.68	-0.0832869
47.7	-0.06905259
47.72	-0.05517144
47.74	-0.04027986
47.76	-0.02548638
47.78	-0.01266471
47.8	-0.00188352
47.82	0.00710244
47.84	0.01302768
47.86	0.01586277
47.88	0.01685358
47.9	0.01872729
47.92	0.02263167
47.94	0.02843919
47.96	0.03421728
47.98	0.03868083
48	0.04127067
48.02	0.04171212
48.04	0.04095675
48.06	0.0411039
48.08	0.04421367
48.1	0.05021739
48.12	0.05687838
48.14	0.06350013
48.16	0.07056333
48.18	0.07707717
48.2	0.08384607
48.22	0.0898596
48.24	0.09424467
48.26	0.0958437
48.28	0.09383265
48.3	0.08856468
48.32	0.08071668
48.34	0.070632
48.36	0.05875209
48.38	0.04462569
48.4	0.02759553
48.42	0.00754389
48.44	-0.01290015
48.46	-0.03184326
48.48	-0.04851045
48.5	-0.06573681
48.52	-0.08537643
48.54	-0.10628154
48.56	-0.12406707
48.58	-0.13740867
48.6	-0.14798385
48.62	-0.15573375
48.64	-0.15644988
48.66	-0.14731677
48.68	-0.12942333
48.7	-0.10333854
48.72	-0.06855228
48.74	-0.02742876
48.76	0.01564695
48.78	0.05606415
48.8	0.09138996
48.82	0.12043737
48.84	0.1423431
48.86	0.15495876
48.88	0.15747993
48.9	0.15280056
48.92	0.14402061
48.94	0.13152267
48.96	0.11726874
48.98	0.10288728
49	0.09027162
49.02	0.07796988
49.04	0.06461847
49.06	0.04923639
49.08	0.03108789
49.1	0.01161504
49.12	-0.00896634
49.14	-0.03130371
49.16	-0.05426892
49.18	-0.07468353
49.2	-0.08852544
49.22	-0.09603009
49.24	-0.10019934
49.26	-0.10189647
49.28	-0.1002582
49.3	-0.09626553
49.32	-0.09114471
49.34	-0.08312994
49.36	-0.0726921
49.38	-0.06295077
49.4	-0.05606415
49.42	-0.05138478
49.44	-0.04947183
49.46	-0.05084523
49.48	-0.05516163
49.5	-0.06055713
49.52	-0.06554061
49.54	-0.07000416
49.56	-0.0732807
49.58	-0.07527213
49.6	-0.07365348
49.62	-0.06728679
49.64	-0.05578947
49.66	-0.04203585
49.68	-0.03034233
49.7	-0.02343609
49.72	-0.02013012
49.74	-0.01955133
49.76	-0.02136618
49.78	-0.02341647
49.8	-0.02066967
49.82	-0.01142865
49.84	0.00118701
49.86	0.01702035
49.88	0.03848463
49.9	0.06633522
49.92	0.09657945
49.94	0.1229193
49.96	0.1413621
49.98	0.15039711
50	0.15040692
50.02	0.14325543
50.04	0.13246443
50.06	0.12177153
50.08	0.11335455
50.1	0.10685052
50.12	0.10046421
50.14	0.09219438
50.16	0.0836793
50.18	0.07473258
50.2	0.0644517
50.22	0.05000157
50.24	0.03187269
50.26	0.01241946
50.28	-0.00633726
50.3	-0.02273958
50.32	-0.03544353
50.34	-0.04560669
50.36	-0.05406291
50.38	-0.06027264
50.4	-0.06594282
50.42	-0.07218198
50.44	-0.07649838
50.46	-0.07773444
50.48	-0.07686135
50.5	-0.07479144
50.52	-0.07067124
50.54	-0.06304887
50.56	-0.04932468
50.58	-0.03182364
50.6	-0.01525455
50.62	-0.00219744
50.64	0.00584676
50.66	0.00985905
50.68	0.007848
50.7	-0.00036297
50.72	-0.0116739
50.74	-0.02353419
50.76	-0.03377583
50.78	-0.04171212
50.8	-0.04642092
50.82	-0.04844178
50.84	-0.04535163
50.86	-0.0376704
50.88	-0.02736009
50.9	-0.01696149
50.92	-0.00746541
50.94	0.0028449
50.96	0.01234098
50.98	0.01886463
51	0.02298483
51.02	0.02613384
51.04	0.02920437
51.06	0.03012651
51.08	0.0289395
51.1	0.02808603
51.12	0.02991069
51.14	0.03377583
51.16	0.03695427
51.18	0.03917133
51.2	0.04133934
51.22	0.04245768
51.24	0.04245768
51.26	0.04245768
51.28	0.04214376
51.3	0.04063302
51.32	0.03537486
51.34	0.02536866
51.36	0.01199763
51.38	-0.00339426
51.4	-0.01915893
51.42	-0.03539448
51.44	-0.0514044
51.46	-0.06399063
51.48	-0.07195635
51.5	-0.07351614
51.52	-0.0681795
51.54	-0.05551479
51.56	-0.03814128
51.58	-0.02072853
51.6	-0.00643536
51.62	0.00291357
51.64	0.00671985
51.66	0.00629802
51.68	0.00320787
51.7	-0.00159903
51.72	-0.00630783
51.74	-0.008829
51.76	-0.0089271
51.78	-0.0084366
51.8	-0.00883881
51.82	-0.01102644
51.84	-0.01424412
51.86	-0.01808964
51.88	-0.02185668
51.9	-0.02582973
51.92	-0.02704617
51.94	-0.02436804
51.96	-0.01787382
51.98	-0.0086328
52	0.00140283
52.02	0.00975114
52.04	0.01406754
52.06	0.01621593
52.08	0.01712826
52.1	0.01653966
52.12	0.01505835
52.14	0.01480329
52.16	0.01603935
52.18	0.01773648
52.2	0.02068929
52.22	0.02446614
52.24	0.02994993
52.26	0.03709161
52.28	0.04408614
52.3	0.04874589
52.32	0.0504234
52.34	0.05028606
52.36	0.0492462
52.38	0.04732344
52.4	0.0439488
52.42	0.0388476
52.44	0.03245148
52.46	0.02579049
52.48	0.01806021
52.5	0.00959418
52.52	0.00108891
52.54	-0.00852489
52.56	-0.01823679
52.58	-0.02765439
52.6	-0.03578688
52.62	-0.04196718
52.64	-0.04622472
52.66	-0.04980537
52.68	-0.05230692
52.7	-0.0542493
52.72	-0.05614263
52.74	-0.05799672
52.76	-0.05919354
52.78	-0.05886981
52.8	-0.05646636
52.82	-0.05201262
52.84	-0.04735287
52.86	-0.0436545
52.88	-0.04152573
52.9	-0.04209471
52.92	-0.0453222
52.94	-0.05024682
52.96	-0.05447493
52.98	-0.05622111
53	-0.05524011
53.02	-0.0521892
53.04	-0.04533201
53.06	-0.03503151
53.08	-0.02175858
53.1	-0.00717111
53.12	0.00614106
53.14	0.01689282
53.16	0.02565315
53.18	0.03324609
53.2	0.03987765
53.22	0.04727439
53.24	0.05659389
53.26	0.06679629
53.28	0.07538985
53.3	0.07993188
53.32	0.07931385
53.34	0.07452657
53.36	0.06506973
53.38	0.04995252
53.4	0.03056796
53.42	0.00900558
53.44	-0.01103625
53.46	-0.02729142
53.48	-0.03677769
53.5	-0.03715047
53.52	-0.02948886
53.54	-0.01602954
53.56	0.00032373
53.58	0.01793268
53.6	0.03538467
53.62	0.05216958
53.64	0.06722793
53.66	0.07919613
53.68	0.08742672
53.7	0.09042858
53.72	0.08919252
53.74	0.08559225
53.76	0.07996131
53.78	0.07056333
53.8	0.05638788
53.82	0.03941658
53.84	0.02110131
53.86	0.00373761
53.88	-0.01187991
53.9	-0.02391678
53.92	-0.03174516
53.94	-0.03713085
53.96	-0.04210452
53.98	-0.04638168
54	-0.04817691
54.02	-0.04844178
54.04	-0.04780413
54.06	-0.0477747
54.08	-0.04822596
54.1	-0.05083542
54.12	-0.05516163
54.14	-0.06028245
54.16	-0.06529536
54.18	-0.06899373
54.2	-0.07012188
54.22	-0.06815007
54.24	-0.06402006
54.26	-0.05818311
54.28	-0.04947183
54.3	-0.0385533
54.32	-0.02705598
54.34	-0.01568619
54.36	-0.00542493
54.38	0.00303129
54.4	0.00994734
54.42	0.01611783
54.44	0.02335761
54.46	0.03153915
54.48	0.03964221
54.5	0.0472842
54.52	0.0538569
54.54	0.05841855
54.56	0.06089067
54.58	0.0606258
54.6	0.0585657
54.62	0.05535783
54.64	0.05220882
54.66	0.04851045
54.68	0.04497885
54.7	0.04288932
54.72	0.04203585
54.74	0.04147668
54.76	0.03913209
54.78	0.03563973
54.8	0.03102903
54.82	0.02471139
54.84	0.01733427
54.86	0.0099081
54.88	0.00342369
54.9	-0.00174618
54.92	-0.00563094
54.94	-0.0082404
54.96	-0.00930969
54.98	-0.00886824
55	-0.00754389
55.02	-0.00475785
55.04	-0.00084366
55.06	0.00507177
55.08	0.0128511
55.1	0.02116017
55.12	0.02632023
55.14	0.02781135
55.16	0.02718351
55.18	0.02507436
55.2	0.02240604
55.22	0.01771686
55.24	0.01013373
55.26	0.00012753
55.28	-0.01214478
55.3	-0.02436804
55.32	-0.03495303
55.34	-0.04293837
55.36	-0.04807881
55.38	-0.05242464
55.4	-0.05765337
55.42	-0.06247989
55.44	-0.06539346
55.46	-0.06527574
55.48	-0.06306849
55.5	-0.06029226
55.52	-0.05756508
55.54	-0.05428854
55.56	-0.04956993
55.58	-0.04405671
55.6	-0.03784698
55.62	-0.03016575
55.64	-0.02145447
55.66	-0.01379286
55.68	-0.00718092
55.7	-0.00199143
55.72	0.00319806
55.74	0.01007487
55.76	0.01799154
55.78	0.02504493
55.8	0.03087207
55.82	0.03567897
55.84	0.03860235
55.86	0.03877893
55.88	0.03657168
55.9	0.03321666
55.92	0.02902779
55.94	0.0246231
55.96	0.02149371
55.98	0.01990449
56	0.0183447
56.02	0.01601973
56.04	0.01394001
56.06	0.01278243
56.08	0.01225269
56.1	0.01023183
56.12	0.00795591
56.14	0.00662175
56.16	0.00679833
56.18	0.00756351
56.2	0.00860337
56.22	0.01141884
56.24	0.01504854
56.26	0.01851147
56.28	0.02169972
56.3	0.024525
56.32	0.02728161
56.34	0.02968506
56.36	0.03054834
56.38	0.02781135
56.4	0.02216079
56.42	0.01692225
56.44	0.01386153
56.46	0.01264509
56.48	0.01323369
56.5	0.01409697
56.52	0.01524474
56.54	0.01457766
56.56	0.01332198
56.58	0.01239003
56.6	0.011772
56.62	0.00967266
56.64	0.00564075
56.66	-0.00080442
56.68	-0.00859356
56.7	-0.01592163
56.72	-0.02329875
56.74	-0.0288414
56.76	-0.03189231
56.78	-0.03279483
56.8	-0.0318825
56.82	-0.03009708
56.84	-0.02744838
56.86	-0.02396583
56.88	-0.02054214
56.9	-0.01897254
56.92	-0.01920798
56.94	-0.02062062
56.96	-0.02229813
56.98	-0.0233478
57	-0.02436804
57.02	-0.02595726
57.04	-0.02721294
57.06	-0.02725218
57.08	-0.0263889
57.1	-0.02464272
57.12	-0.02233737
57.14	-0.01888425
57.16	-0.01519569
57.18	-0.01187991
57.2	-0.01051632
57.22	-0.00936855
57.24	-0.00854451
57.26	-0.00713187
57.28	-0.00456165
57.3	-0.00204048
57.32	-0.00075537
57.34	-0.0000981
57.36	0.00085347
57.38	0.00207972
57.4	0.00387495
57.42	0.00681795
57.44	0.01089891
57.46	0.01577448
57.48	0.02045385
57.5	0.02425032
57.52	0.0279585
57.54	0.03218661
57.56	0.03661092
57.58	0.03916152
57.6	0.03867102
57.62	0.03611061
57.64	0.03300084
57.66	0.02876292
57.68	0.02429937
57.7	0.01992411
57.72	0.01474443
57.74	0.00826983
57.76	0.00034335
57.78	-0.00772047
57.8	-0.01531341
57.82	-0.02087568
57.84	-0.02553543
57.86	-0.02859615
57.88	-0.03071511
57.9	-0.03306951
57.92	-0.03477645
57.94	-0.03466854
57.96	-0.0327654
57.98	-0.02940057
58	-0.02551581
58.02	-0.02169972
58.04	-0.01796211
58.06	-0.01458747
58.08	-0.0115758
58.1	-0.00841698
58.12	-0.00463032
58.14	-0.00092214
58.16	0.00270756
58.18	0.00567999
58.2	0.00858375
58.22	0.01113435
58.24	0.0142245
58.26	0.01695168
58.28	0.0195219
58.3	0.02124846
58.32	0.02144466
58.34	0.01955133
58.36	0.01571562
58.38	0.01066347
58.4	0.00481671
58.42	-0.00179523
58.44	-0.00977076
58.46	-0.01717731
58.48	-0.02185668
58.5	-0.02375982
58.52	-0.02323989
58.54	-0.02035575
58.56	-0.01513683
58.58	-0.00924102
58.6	-0.00276642
58.62	0.00358065
58.64	0.00980019
58.66	0.01469538
58.68	0.01801116
58.7	0.01936494
58.72	0.01990449
58.74	0.01954152
58.76	0.01749123
58.78	0.01419507
58.8	0.01095777
58.82	0.00719073
58.84	0.00320787
58.86	-0.00040221
58.88	-0.00305091
58.9	-0.00414963
58.92	-0.00493443
58.94	-0.00541512
58.96	-0.0067689
58.98	-0.00868185
59	-0.00996696
59.02	-0.01062423
59.04	-0.01067328
59.06	-0.00923121
59.08	-0.00544455
59.1	-0.00113796
59.12	0.00308034
59.14	0.00603315
59.16	0.00831888
59.18	0.00877995
59.2	0.00684738
59.22	0.00258003
59.24	-0.00219744
59.26	-0.00538569
59.28	-0.00613125
59.3	-0.00477747
59.32	-0.00106929
59.34	0.00493443
59.36	0.01199763
59.38	0.0194238
59.4	0.026487
59.42	0.03221604
59.44	0.03663054
59.46	0.03946563
59.48	0.03956373
59.5	0.0378666
59.52	0.0356103
59.54	0.03278502
59.56	0.02943
59.58	0.02463291
59.6	0.01874691
59.62	0.01268433
59.64	0.00623916
59.66	-0.00047088
59.68	-0.00674928
59.7	-0.01140903
59.72	-0.01479348
59.74	-0.01691244
59.76	-0.01779534
59.78	-0.0165789
59.8	-0.01449918
59.82	-0.01215459
59.84	-0.01045746
59.86	-0.00937836
59.88	-0.00862299
59.9	-0.00817173
59.92	-0.00714168
59.94	-0.00612144
59.96	-0.00513063
59.98	-0.00445374
60	-0.00616068
60.02	-0.00962361
60.04	-0.01420488
60.06	-0.02036556
60.08	-0.02680092
60.1	-0.03160782
60.12	-0.03363849
60.14	-0.03234357
60.16	-0.02840976
60.18	-0.02216079
60.2	-0.01485234
60.22	-0.00748503
60.24	0.00012753
60.26	0.00639612
60.28	0.01075176
60.3	0.01293939
60.32	0.01329255
60.34	0.01365552
60.36	0.01548018
60.38	0.01895292
60.4	0.02453481
60.42	0.02969487
60.44	0.03415842
60.46	0.03732705
60.48	0.03924
60.5	0.03961278
60.52	0.03819033
60.54	0.03560049
60.56	0.0324711
60.58	0.02908665
60.6	0.02547657
60.62	0.02133675
60.64	0.01727541
60.66	0.01358685
60.68	0.00968247
60.7	0.00653346
60.72	0.00335502
60.74	0.00112815
60.76	-0.00075537
60.78	-0.00201105
60.8	-0.00204048
60.82	-0.00089271
60.84	-0.00036297
60.86	-0.00103005
60.88	-0.00288414
60.9	-0.00587619
60.92	-0.00940779
60.94	-0.01345932
60.96	-0.01682415
60.98	-0.01953171
61	-0.0212877
61.02	-0.02290635
61.04	-0.02428956
61.06	-0.02624175
61.08	-0.02813508
61.1	-0.02970468
61.12	-0.03092112
61.14	-0.03122523
61.16	-0.03122523
61.18	-0.0300186
61.2	-0.02824299
61.22	-0.02590821
61.24	-0.02301426
61.26	-0.01987506
61.28	-0.01590201
61.3	-0.01091853
61.32	-0.00564075
61.34	-0.00076518
61.36	0.00311958
61.38	0.00514044
61.4	0.00474804
61.42	0.00257022
61.44	-0.00014715
61.46	-0.00370818
61.48	-0.00837774
61.5	-0.01354761
61.52	-0.01821717
61.54	-0.02199402
61.56	-0.02509398
61.58	-0.02575125
61.6	-0.02489778
61.62	-0.02227851
61.64	-0.01762857
61.66	-0.0115758
61.68	-0.00456165
61.7	0.00301167
61.72	0.01101663
61.74	0.01886463
61.76	0.02645757
61.78	0.03249072
61.8	0.03692484
61.82	0.03917133
61.84	0.03958335
61.86	0.03729762
61.88	0.03239262
61.9	0.02578068
61.92	0.01901178
61.94	0.01277262
61.96	0.00655308
61.98	0.00135378
62	-0.00285471
62.02	-0.0054936
62.04	-0.00807363
62.06	-0.01060461
62.08	-0.01427355
62.1	-0.01895292
62.12	-0.02392659
62.14	-0.02849805
62.16	-0.03148029
62.18	-0.03232395
62.2	-0.03195117
62.22	-0.03040119
62.24	-0.02797812
62.26	-0.02529999
62.28	-0.0223668
62.3	-0.01950228
62.32	-0.01668681
62.34	-0.0148131
62.36	-0.01207611
62.38	-0.00771066
62.4	-0.00184428
62.42	0.00389457
62.44	0.0089271
62.46	0.01355742
62.48	0.01660833
62.5	0.01781496
62.52	0.01809945
62.54	0.01748142
62.56	0.01598049
62.58	0.01450899
62.6	0.01337103
62.62	0.0140283
62.64	0.01675548
62.66	0.02228832
62.68	0.02899836
62.7	0.03526695
62.72	0.03902418
62.74	0.0406134
62.76	0.04128048
62.78	0.04251654
62.8	0.04450797
62.82	0.04685256
62.84	0.04913829
62.86	0.05016834
62.88	0.04939335
62.9	0.04594023
62.92	0.04018176
62.94	0.03373659
62.96	0.02671263
62.98	0.018639
63	0.00953532
63.02	0.00011772
63.04	-0.00801477
63.06	-0.01391058
63.08	-0.01730484
63.1	-0.02003202
63.12	-0.02300445
63.14	-0.02759553
63.16	-0.03307932
63.18	-0.03844539
63.2	-0.04369374
63.22	-0.04883418
63.24	-0.05345469
63.26	-0.0571923
63.28	-0.0599391
63.3	-0.06202863
63.32	-0.06257799
63.34	-0.06192072
63.36	-0.06006663
63.38	-0.05794767
63.4	-0.05555403
63.42	-0.05230692
63.44	-0.04793166
63.46	-0.04214376
63.48	-0.03566916
63.5	-0.02774268
63.52	-0.01847223
63.54	-0.00909387
63.56	0.0002943
63.58	0.00929988
63.6	0.01663776
63.62	0.02233737
63.64	0.02633004
63.66	0.02914551
63.68	0.03160782
63.7	0.03402108
63.72	0.03696408
63.74	0.04043682
63.76	0.0450279
63.78	0.05000157
63.8	0.05526954
63.82	0.05982138
63.84	0.062784
63.86	0.06358842
63.88	0.06228369
63.9	0.05921316
63.92	0.05500467
63.94	0.05058036
63.96	0.04562631
63.98	0.03987765
64	0.03373659
64.02	0.02642814
64.04	0.01866843
64.06	0.01046727
64.08	0.00311958
64.1	-0.00359046
64.12	-0.00927045
64.14	-0.01364571
64.16	-0.01644156
64.18	-0.01709883
64.2	-0.01595106
64.22	-0.01335141
64.24	-0.01080081
64.26	-0.00770085
64.28	-0.00496386
64.3	-0.00316863
64.32	-0.00319806
64.34	-0.00501291
64.36	-0.00856413
64.38	-0.0135378
64.4	-0.02018898
64.42	-0.02748762
64.44	-0.03473721
64.46	-0.04064283
64.48	-0.04493961
64.5	-0.04824558
64.52	-0.05049207
64.54	-0.05188509
64.56	-0.05205186
64.58	-0.0507177
64.6	-0.04701933
64.62	-0.04199661
64.64	-0.03609099
64.66	-0.02969487
64.68	-0.02281806
64.7	-0.01519569
64.72	-0.00781857
64.74	-0.00108891
64.76	0.0043164
64.78	0.00723978
64.8	0.00742617
64.82	0.00582714
64.84	0.00366894
64.86	0.00184428
64.88	0.00095157
64.9	0.00126549
64.92	0.00365913
64.94	0.00748503
64.96	0.01212516
64.98	0.01606878
65	0.0180504
65.02	0.01830546
65.04	0.01705959
65.06	0.01415583
65.08	0.01091853
65.1	0.0086328
65.12	0.00758313
65.14	0.00714168
65.16	0.00729864
65.18	0.00835812
65.2	0.01056537
65.22	0.01333179
65.24	0.01593144
65.26	0.01858014
65.28	0.02147409
65.3	0.02370096
65.32	0.02529018
65.34	0.02653605
65.36	0.0277623
65.38	0.02925342
65.4	0.03010689
65.42	0.03004803
65.44	0.02909646
65.46	0.0281547
65.48	0.02603574
65.5	0.02306331
65.52	0.01955133
65.54	0.01580391
65.56	0.01124226
65.58	0.00567999
65.6	-0.00046107
65.62	-0.00678852
65.64	-0.01267452
65.66	-0.0175599
65.68	-0.02115036
65.7	-0.02317122
65.72	-0.02326932
65.74	-0.0214839
65.76	-0.0184428
65.78	-0.01546056
65.8	-0.01313559
65.82	-0.01203687
65.84	-0.01274319
65.86	-0.0143226
65.88	-0.01675548
65.9	-0.01913931
65.92	-0.02077758
65.94	-0.02277882
65.96	-0.02443671
65.98	-0.02634966
66	-0.02851767
66.02	-0.03063663
66.04	-0.03181383
66.06	-0.0326673
66.08	-0.03290274
66.1	-0.03342267
66.12	-0.03392298
66.14	-0.03410937
66.16	-0.03339324
66.18	-0.03208851
66.2	-0.0305091
66.22	-0.02865501
66.24	-0.02653605
66.26	-0.02416203
66.28	-0.02212155
66.3	-0.02101302
66.32	-0.02021841
66.34	-0.01972791
66.36	-0.01835451
66.38	-0.01551942
66.4	-0.01124226
66.42	-0.00567018
66.44	0.00138321
66.46	0.00858375
66.48	0.01503873
66.5	0.02107188
66.52	0.02569239
66.54	0.02912589
66.56	0.03039138
66.58	0.02955753
66.6	0.02605536
66.62	0.02064024
66.64	0.01434222
66.66	0.00936855
66.68	0.00507177
66.7	0.0020601
66.72	0.00118701
66.74	0.00181485
66.76	0.00242307
66.78	0.00273699
66.8	0.003924
66.82	0.00538569
66.84	0.00681795
66.86	0.00792648
66.88	0.00900558
66.9	0.01006506
66.92	0.01080081
66.94	0.01182105
66.96	0.01400868
66.98	0.01733427
67	0.0213858
67.02	0.02575125
67.04	0.03000879
67.06	0.03358944
67.08	0.03679731
67.1	0.03843558
67.12	0.03885741
67.14	0.0377685
67.16	0.03520809
67.18	0.03150972
67.2	0.0269775
67.22	0.02165067
67.24	0.01552923
67.26	0.00992772
67.28	0.00403191
67.3	-0.00203067
67.32	-0.00917235
67.34	-0.01675548
67.36	-0.02289654
67.38	-0.02810565
67.4	-0.03143124
67.42	-0.03319704
67.44	-0.03343248
67.46	-0.0321768
67.48	-0.02974392
67.5	-0.02646738
67.52	-0.02206269
67.54	-0.01774629
67.56	-0.01381248
67.58	-0.01123245
67.6	-0.00920178
67.62	-0.00810306
67.64	-0.00762237
67.66	-0.00684738
67.68	-0.0057879
67.7	-0.00414963
67.72	-0.0025506
67.74	-0.0006867
67.76	0.00054936
67.78	0.00056898
67.8	-0.00119682
67.82	-0.00440469
67.84	-0.00815211
67.86	-0.01320426
67.88	-0.0185409
67.9	-0.02347533
67.92	-0.02770344
67.94	-0.03095055
67.96	-0.03234357
67.98	-0.03102903
68	-0.02794869
68.02	-0.0237402
68.04	-0.01901178
68.06	-0.01348875
68.08	-0.00747522
68.1	-0.0004905
68.12	0.00704358
68.14	0.01501911
68.16	0.02283768
68.18	0.03008727
68.2	0.0361008
68.22	0.04021119
68.24	0.04302666
68.26	0.04549878
68.28	0.04819653
68.3	0.05103162
68.32	0.05389614
68.34	0.05580909
68.36	0.05706477
68.38	0.05739831
68.4	0.05712363
68.42	0.05594643
68.44	0.05299362
68.46	0.04831425
68.48	0.04163364
68.5	0.03369735
68.52	0.0249174
68.54	0.01600992
68.56	0.00758313
68.58	0.00060822
68.6	-0.00572904
68.62	-0.01104606
68.64	-0.01536246
68.66	-0.01720674
68.68	-0.01664757
68.7	-0.01400868
68.72	-0.00963342
68.74	-0.00446355
68.76	0.00090252
68.78	0.00616068
68.8	0.01091853
68.82	0.01537227
68.84	0.0182466
68.86	0.01987506
68.88	0.01997316
68.9	0.01769724
68.92	0.01337103
68.94	0.0073575
68.96	0.00036297
68.98	-0.00718092
69	-0.01456785
69.02	-0.02210193
69.04	-0.02908665
69.06	-0.03602232
69.08	-0.04250673
69.1	-0.0482652
69.12	-0.05231673
69.14	-0.05518125
69.16	-0.05648598
69.18	-0.05657427
69.2	-0.05545593
69.22	-0.0537588
69.24	-0.05118858
69.26	-0.04896171
69.28	-0.04647978
69.3	-0.04372317
69.32	-0.04053492
69.34	-0.03669921
69.36	-0.03263787
69.38	-0.02804679
69.4	-0.02296521
69.42	-0.01766781
69.44	-0.01159542
69.46	-0.00603315
69.48	-0.00048069
69.5	0.00407115
69.52	0.00763218
69.54	0.00933912
69.56	0.00952551
69.58	0.00851508
69.6	0.00782838
69.62	0.00715149
69.64	0.00678852
69.66	0.00761256
69.68	0.0096138
69.7	0.01246851
69.72	0.01555866
69.74	0.01887444
69.76	0.02262186
69.78	0.0266832
69.8	0.03035214
69.82	0.03395241
69.84	0.0383571
69.86	0.0429678
69.88	0.04798071
69.9	0.0532683
69.92	0.05814387
69.94	0.06230331
69.96	0.06518745
69.98	0.06711021
70	0.0677871
70.02	0.06695325
70.04	0.06463809
70.06	0.06116535
70.08	0.05626035
70.1	0.04996233
70.12	0.04258521
70.14	0.03415842
70.16	0.0257022
70.18	0.01670643
70.2	0.00730845
70.22	-0.00152055
70.24	-0.01115397
70.26	-0.02029689
70.28	-0.02865501
70.3	-0.03556125
70.32	-0.04182003
70.34	-0.04764717
70.36	-0.05305248
70.38	-0.05824197
70.4	-0.06251913
70.42	-0.06610959
70.44	-0.06812064
70.46	-0.06860133
70.48	-0.06815988
70.5	-0.06712002
70.52	-0.06519726
70.54	-0.06211692
70.56	-0.05818311
70.58	-0.05372937
70.6	-0.04905981
70.62	-0.04537125
70.64	-0.04262445
70.66	-0.04052511
70.68	-0.038259
70.7	-0.03474702
70.72	-0.02980278
70.74	-0.02347533
70.76	-0.01666719
70.78	-0.00910368
70.8	-0.00090252
70.82	0.00693567
70.84	0.0143226
70.86	0.02007126
70.88	0.02351457
70.9	0.02461329
70.92	0.02360286
70.94	0.02092473
70.96	0.01819755
70.98	0.01552923
71	0.01260585
71.02	0.01004544
71.04	0.00872109
71.06	0.00830907
71.08	0.00910368
71.1	0.01135998
71.12	0.01475424
71.14	0.01926684
71.16	0.02418165
71.18	0.02939076
71.2	0.03478626
71.22	0.03975993
71.24	0.04433139
71.26	0.04692123
71.28	0.0483633
71.3	0.04857912
71.32	0.04758831
71.34	0.0457146
71.36	0.04327191
71.38	0.04058397
71.4	0.03832767
71.42	0.03542391
71.44	0.03226509
71.46	0.02827242
71.48	0.02346552
71.5	0.0175599
71.52	0.01058499
71.54	0.00324711
71.56	-0.00404172
71.58	-0.0108891
71.6	-0.01640232
71.62	-0.02090511
71.64	-0.0240345
71.66	-0.02659491
71.68	-0.02821356
71.7	-0.02919456
71.72	-0.02986164
71.74	-0.0305091
71.76	-0.03053853
71.78	-0.03055815
71.8	-0.03028347
71.82	-0.02970468
71.84	-0.02823318
71.86	-0.02680092
71.88	-0.02568258
71.9	-0.02487816
71.92	-0.02378925
71.94	-0.02330856
71.96	-0.02373039
71.98	-0.02502531
72	-0.0262908
72.02	-0.02663415
72.04	-0.02666358
72.06	-0.02549619
72.08	-0.02375982
72.1	-0.02085606
72.12	-0.01682415
72.14	-0.01197801
72.16	-0.00702396
72.18	-0.00207972
72.2	0.00217782
72.22	0.00575847
72.24	0.00836793
72.26	0.01063404
72.28	0.0128511
72.3	0.014715
72.32	0.01684377
72.34	0.01882539
72.36	0.02057157
72.38	0.0222687
72.4	0.02333799
72.42	0.02378925
72.44	0.02332818
72.46	0.02168991
72.48	0.01948266
72.5	0.01731465
72.52	0.01548999
72.54	0.01379286
72.56	0.01291977
72.58	0.0120663
72.6	0.01152675
72.62	0.0109872
72.64	0.01016316
72.66	0.00875052
72.68	0.00677871
72.7	0.00455184
72.72	0.00236421
72.74	0.00081423
72.76	-0.00070632
72.78	-0.00249174
72.8	-0.00394362
72.82	-0.00566037
72.84	-0.00734769
72.86	-0.00929007
72.88	-0.01149732
72.9	-0.01335141
72.92	-0.01516626
72.94	-0.01714788
72.96	-0.01947285
72.98	-0.02234718
73	-0.02545695
73.02	-0.02879235
73.04	-0.03175497
73.06	-0.03465873
73.08	-0.03689541
73.1	-0.03877893
73.12	-0.0394362
73.14	-0.03887703
73.16	-0.03713085
73.18	-0.03363849
73.2	-0.02900817
73.22	-0.02298483
73.24	-0.0161865
73.26	-0.00832869
73.28	0.00045126
73.3	0.00946665
73.32	0.01888425
73.34	0.02830185
73.36	0.03673845
73.38	0.04321305
73.4	0.04805919
73.42	0.05072751
73.44	0.05113953
73.46	0.04926582
73.48	0.04573422
73.5	0.04157478
73.52	0.03718971
73.54	0.03288312
73.56	0.02806641
73.58	0.0236421
73.6	0.01959057
73.62	0.01652004
73.64	0.01379286
73.66	0.01151694
73.68	0.01008468
73.7	0.00867204
73.72	0.00728883
73.74	0.00652365
73.76	0.00576828
73.78	0.00563094
73.8	0.00518949
73.82	0.00475785
73.84	0.00403191
73.86	0.00243288
73.88	0.00027468
73.9	-0.00214839
73.92	-0.0045126
73.94	-0.00593505
73.96	-0.00703377
73.98	-0.00722016
74	-0.00739674
74.02	-0.00727902
74.04	-0.00626859
74.06	-0.00586638
74.08	-0.00576828
74.1	-0.00581733
74.12	-0.00694548
74.14	-0.00832869
74.16	-0.00938817
74.18	-0.01011411
74.2	-0.00962361
74.22	-0.00826002
74.24	-0.00661194
74.26	-0.00501291
74.28	-0.0037278
74.3	-0.00277623
74.32	-0.00243288
74.34	-0.00297243
74.36	-0.00437526
74.38	-0.00661194
74.4	-0.00936855
74.42	-0.01231155
74.44	-0.01478367
74.46	-0.01725579
74.48	-0.01934532
74.5	-0.02105226
74.52	-0.02240604
74.54	-0.02310255
74.56	-0.02289654
74.58	-0.02210193
74.6	-0.02044404
74.62	-0.0182466
74.64	-0.01553904
74.66	-0.01261566
74.68	-0.00978057
74.7	-0.00673947
74.72	-0.00389457
74.74	-0.00132435
74.76	0.00033354
74.78	0.0016677
74.8	0.00268794
74.82	0.00420849
74.84	0.0053955
74.86	0.00654327
74.88	0.00710244
74.9	0.00737712
74.92	0.00763218
74.94	0.00787743
74.96	0.00862299
74.98	0.00984924
75	0.01151694
75.02	0.01336122
75.04	0.01485234
75.06	0.01625517
75.08	0.01757952
75.1	0.01906083
75.12	0.02035575
75.14	0.02164086
75.16	0.02282787
75.18	0.02392659
75.2	0.0249174
75.22	0.02557467
75.24	0.02615346
75.26	0.02665377
75.28	0.02684016
75.3	0.02649681
75.32	0.02497626
75.34	0.02303388
75.36	0.02047347
75.38	0.01778553
75.4	0.01497006
75.42	0.01184067
75.44	0.00885843
75.46	0.00601353
75.48	0.00352179
75.5	0.00143226
75.52	-0.00041202
75.54	-0.0021582
75.56	-0.00379647
75.58	-0.00494424
75.6	-0.00563094
75.62	-0.005886
75.64	-0.00592524
75.66	-0.00558189
75.68	-0.00526797
75.7	-0.00515025
75.72	-0.00522873
75.74	-0.00548379
75.76	-0.0060822
75.78	-0.00698472
75.8	-0.00850527
75.82	-0.01042803
75.84	-0.01252737
75.86	-0.0146169
75.88	-0.01629441
75.9	-0.01769724
75.92	-0.01878615
75.94	-0.01941399
75.96	-0.01931589
75.98	-0.01856052
76	-0.01718712
76.02	-0.01543113
76.04	-0.01375362
76.06	-0.01230174
76.08	-0.01148751
76.1	-0.01095777
76.12	-0.01029069
76.14	-0.00976095
76.16	-0.00923121
76.18	-0.0084366
76.2	-0.00754389
76.22	-0.00668061
76.24	-0.00572904
76.26	-0.0047088
76.28	-0.0036297
76.3	-0.00238383
76.32	-0.00111834
76.34	0.00027468
76.36	0.00182466
76.38	0.00348255
76.4	0.00497367
76.42	0.00639612
76.44	0.0075537
76.46	0.00817173
76.48	0.00850527
76.5	0.00830907
76.52	0.00790686
76.54	0.00742617
76.56	0.00678852
76.58	0.00634707
76.6	0.00607239
76.62	0.00571923
76.64	0.00551322
76.66	0.0052974
76.68	0.00499329
76.7	0.00462051
76.72	0.00424773
76.74	0.00381609
76.76	0.00339426
76.78	0.00293319
76.8	0.00237402
76.82	0.00179523
76.84	0.0012753
76.86	0.00085347
76.88	0.00041202
76.9	0.00011772
76.92	-0.0000981
76.94	-0.00034335
76.96	-0.00056898
76.98	-0.00071613
77	-0.00082404
77.02	-0.00091233
77.04	-0.00096138
77.06	-0.00085347
77.08	-0.00081423
77.1	-0.00083385
77.12	-0.00085347
77.14	-0.00095157
77.16	-0.00110853
77.18	-0.00124587
77.2	-0.00139302
77.22	-0.00149112
77.24	-0.00158922
77.26	-0.00172656
77.28	-0.00183447
77.3	-0.0018639
77.32	-0.0018639
77.34	-0.00183447
77.36	-0.00178542
77.38	-0.00174618
77.4	-0.00172656
77.42	-0.0016677
77.44	-0.00159903
77.46	-0.00149112
77.48	-0.00138321
77.5	-0.00129492
77.52	-0.00122625
77.54	-0.00116739
77.56	-0.00112815
77.58	-0.00110853
77.6	-0.00112815
77.62	-0.00116739
77.64	-0.00118701
77.66	-0.00119682
77.68	-0.0011772
77.7	-0.00110853
77.72	-0.00099081
77.74	-0.00084366
77.76	-0.00065727
77.78	-0.00045126
77.8	-0.00024525
77.82	-0.00004905
77.84	0.00011772
77.86	0.00026487
77.88	0.00036297
77.9	0.00042183
77.92	0.00043164
77.94	0.00041202
77.96	0.00036297
77.98	0.0002943
